# Tile/wave quantization sweep: M = K = 2048, N from 1024 to 1536 in steps of 8.
2048 1024 2048
2048 1032 2048
2048 1040 2048
2048 1048 2048
2048 1056 2048
2048 1064 2048
2048 1072 2048
2048 1080 2048
2048 1088 2048
2048 1096 2048
2048 1104 2048
2048 1112 2048
2048 1120 2048
2048 1128 2048
2048 1136 2048
2048 1144 2048
2048 1152 2048
2048 1160 2048
2048 1168 2048
2048 1176 2048
2048 1184 2048
2048 1192 2048
2048 1200 2048
2048 1208 2048
2048 1216 2048
2048 1224 2048
2048 1232 2048
2048 1240 2048
2048 1248 2048
2048 1256 2048
2048 1264 2048
2048 1272 2048
2048 1280 2048
2048 1288 2048
2048 1296 2048
2048 1304 2048
2048 1312 2048
2048 1320 2048
2048 1328 2048
2048 1336 2048
2048 1344 2048
2048 1352 2048
2048 1360 2048
2048 1368 2048
2048 1376 2048
2048 1384 2048
2048 1392 2048
2048 1400 2048
2048 1408 2048
2048 1416 2048
2048 1424 2048
2048 1432 2048
2048 1440 2048
2048 1448 2048
2048 1456 2048
2048 1464 2048
2048 1472 2048
2048 1480 2048
2048 1488 2048
2048 1496 2048
2048 1504 2048
2048 1512 2048
2048 1520 2048
2048 1528 2048
2048 1536 2048
